-5 -5 1.96078
-5 -4 2.38095
-5 -3 2.85714
-5 -2 3.33333
-5 -1 3.7037
-5 0 3.84615
-5 1 3.7037
-5 2 3.33333
-5 3 2.85714
-5 4 2.38095
-5 5 1.96078
-4 -5 2.38095
-4 -4 3.0303
-4 -3 3.84615
-4 -2 4.7619
-4 -1 5.55556
-4 0 5.88235
-4 1 5.55556
-4 2 4.7619
-4 3 3.84615
-4 4 3.0303
-4 5 2.38095
-3 -5 2.85714
-3 -4 3.84615
-3 -3 5.26316
-3 -2 7.14286
-3 -1 9.09091
-3 0 10
-3 1 9.09091
-3 2 7.14286
-3 3 5.26316
-3 4 3.84615
-3 5 2.85714
-2 -5 3.33333
-2 -4 4.7619
-2 -3 7.14286
-2 -2 11.1111
-2 -1 16.6667
-2 0 20
-2 1 16.6667
-2 2 11.1111
-2 3 7.14286
-2 4 4.7619
-2 5 3.33333
-1 -5 3.7037
-1 -4 5.55556
-1 -3 9.09091
-1 -2 16.6667
-1 -1 33.3333
-1 0 50
-1 1 33.3333
-1 2 16.6667
-1 3 9.09091
-1 4 5.55556
-1 5 3.7037
0 -5 3.84615
0 -4 5.88235
0 -3 10
0 -2 20
0 -1 50
0 0 100
0 1 50
0 2 20
0 3 10
0 4 5.88235
0 5 3.84615
1 -5 3.7037
1 -4 5.55556
1 -3 9.09091
1 -2 16.6667
1 -1 33.3333
1 0 50
1 1 33.3333
1 2 16.6667
1 3 9.09091
1 4 5.55556
1 5 3.7037
2 -5 3.33333
2 -4 4.7619
2 -3 7.14286
2 -2 11.1111
2 -1 16.6667
2 0 20
2 1 16.6667
2 2 11.1111
2 3 7.14286
2 4 4.7619
2 5 3.33333
3 -5 2.85714
3 -4 3.84615
3 -3 5.26316
3 -2 7.14286
3 -1 9.09091
3 0 10
3 1 9.09091
3 2 7.14286
3 3 5.26316
3 4 3.84615
3 5 2.85714
4 -5 2.38095
4 -4 3.0303
4 -3 3.84615
4 -2 4.7619
4 -1 5.55556
4 0 5.88235
4 1 5.55556
4 2 4.7619
4 3 3.84615
4 4 3.0303
4 5 2.38095
5 -5 1.96078
5 -4 2.38095
5 -3 2.85714
5 -2 3.33333
5 -1 3.7037
5 0 3.84615
5 1 3.7037
5 2 3.33333
5 3 2.85714
5 4 2.38095
5 5 1.96078
